7281
81472
75910
64422
48598
4623
16760
39168
8612
82913
63199
83585
42487
49180
79009
3309
79678
29328
69531
56601
9512
59914
12521
83963
63758
98682
97778
56710
36543
8378
12137
8654
98033
52926
31915
47100
92661
65326
10888
93438
4995
51882
82
8242
16548
98781
82354
37267
79285
1572
88358
3744
8753
61933
53716
26061
65074
17873
1120
23390
78654
9102
94776
81018
84930
1408
92712
22761
54383
84066
12201
95466
40901
396
92397
41075
21329
68511
63225
38506
33957
11225
60563
31184
56498
23443
59759
65966
74527
7658
90258
67651
39416
54501
35415
94039
75669
3387
25259
55474
